v2.0 raw
900000 220000 10000 5*0 900000 600080 840 10000
4*0 900000 6004a0 10000 5*0 900000 600080 240
10000 4*0 900000 6001a0 10000 5*0 900000 600800
10000 5*0 900000 600200 10000 5*0 900000 208d00
10000 5*0 900000 204d00 10000 5*0 900000 202d00
10000 5*0 900000 201d00 10000 5*0 900000 0
10000 5*0 900000 400010 10000 5*0 900000 200000
400508 10000 4*0 900000 200000 400504 10000 4*0
900000 200000 400502 10000 4*0 900000 200000 400501
10000 4*0 900000 680400 10000 5*0 900000 680100
10000 5*0 900000 600081 51 10000 4*0 900000
200480 840 10000 4*0 900000 200180 240 10000
4*0 900000 600080 80440 10000 4*0 900000 600080
80140 10000 4*0 900000 200180 420 10000 4*0
900000 200480 120 10000 4*0 900000 7*0 900000
7*0 900000 7*0 900000 7*0 900000 7*0 900000
7*0 900000 7*0 900000 7*0 900000
